66 -> (22 47 34 72 42 17 54 82 64 59 29 89 73 91 38 85 49 37 48 21 98 94 79 44)
14 -> (84 31 37 13 75 78 94 87 66 91 25 95 68 77 36 19 76 59 93 57 32 74 63 81)
95 -> (22 48 73 63 79 64 85 66 84 59 21 37 54 93 42 78 94 82 91 87 19 81 47 17)
31 -> (42 17 47 25 48 19 84 95 36 94 57 93 37 81 63 59 73 91 64 32 87 79 78 66)
32 -> (87 79 81 59 63 22 64 95 85 54 73 17 37 91 84 48 94 93 78 47 19 42 66 57)
13 -> (59 73 84 87 91 93 17 57 42 36 78 66 25 48 32 47 94 63 37 81 31 19 95 64)
52 -> (31 77 78 92 93 63 57 32 25 74 68 95 76 13 14 19 75 81 66 67 36 37 84 87)
21 -> (98 38 31 13 92 49 32 89 75 46 29 14 74 44 34 52 68 77 82 25 36 76 72 67)
34 -> (72 57 78 25 87 13 38 77 46 68 14 67 76 92 75 49 36 52 32 84 74 31 93 95)
48 -> (52 98 92 46 21 67 22 74 77 75 79 68 72 82 14 85 89 76 38 34 54 44 29 49)
75 -> (94 36 25 91 76 37 77 32 81 87 78 95 84 73 31 74 63 13 66 19 59 68 57 93)
59 -> (82 85 38 34 21 73 49 22 46 54 91 48 94 79 44 72 42 89 29 52 64 47 17 98)
57 -> (59 73 63 22 19 79 84 85 95 78 17 66 94 93 42 21 64 47 54 48 81 37 91 87)
87 -> (85 54 81 93 47 98 91 21 63 59 17 89 82 19 42 48 94 22 64 73 37 84 79 66)
73 -> (48 46 34 14 21 85 89 38 42 17 54 98 72 67 64 22 47 44 29 49 52 82 92 79)
89 -> (76 32 77 29 46 31 67 57 52 13 95 44 14 74 68 75 72 25 92 34 49 36 38 98)
42 -> (85 44 82 34 98 52 48 92 49 76 46 64 22 72 75 38 89 54 29 21 79 14 17 67)
22 -> (46 89 98 52 75 38 72 14 49 74 21 31 92 29 34 77 13 36 76 67 54 82 44 68)
82 -> (38 67 68 75 25 52 36 14 72 77 92 31 89 44 46 76 49 29 74 98 34 32 13 57)
67 -> (14 92 74 93 25 68 32 66 59 75 84 76 37 95 13 78 87 77 57 81 31 63 19 36)
77 -> (94 37 36 74 66 59 81 73 63 78 25 84 47 64 42 93 19 31 91 57 87 13 32 95)
92 -> (14 25 32 37 68 57 74 31 94 93 63 59 36 87 77 19 75 76 78 13 84 81 95 66)
79 -> (76 77 38 13 72 85 54 21 46 92 52 22 74 44 89 14 29 75 34 68 82 49 98 67)
84 -> (79 63 54 66 73 22 19 85 42 64 37 91 44 89 17 81 47 29 98 59 48 94 82 21)
64 -> (52 92 79 72 34 38 29 98 22 85 14 54 48 76 49 75 82 46 68 44 21 67 17 89)
19 -> (42 34 85 22 79 54 72 49 47 17 59 21 82 98 37 66 64 44 48 29 89 73 94 91)
98 -> (13 25 68 95 76 92 72 57 31 52 78 32 77 38 75 49 44 67 36 34 14 46 74 29)
94 -> (98 67 82 22 91 52 89 42 64 49 44 46 48 17 34 54 72 29 47 73 79 38 85 21)
47 -> (82 21 85 14 49 75 72 22 79 38 44 54 92 67 29 89 52 34 17 48 46 64 98 42)
54 -> (92 14 67 25 89 36 98 13 76 38 72 44 46 75 29 49 21 77 31 68 34 82 52 74)
91 -> (46 42 17 64 48 52 38 85 29 72 49 98 92 34 73 67 44 47 21 54 89 82 22 79)
46 -> (66 63 87 95 77 92 76 74 93 78 68 14 32 52 67 81 84 25 13 57 31 36 75 19)
76 -> (93 94 47 59 77 74 13 95 78 63 32 37 84 81 66 91 19 73 31 87 57 25 36 68)
68 -> (77 81 74 78 47 87 32 37 57 13 93 94 42 36 25 66 59 19 31 95 63 73 91 84)
72 -> (75 52 92 74 68 67 38 57 13 78 95 49 32 77 14 25 46 76 93 63 87 84 36 31)
85 -> (49 82 67 52 75 38 29 34 89 68 22 77 31 76 14 98 13 74 44 54 46 72 92 21)
25 -> (57 87 47 91 17 84 64 79 42 19 22 37 66 85 81 73 94 32 63 95 93 78 48 59)
37 -> (54 72 21 29 85 22 17 89 49 42 38 98 47 91 73 64 94 48 79 59 82 34 44 46)
36 -> (81 47 59 79 73 93 84 48 42 94 17 64 66 87 91 25 57 63 37 32 78 19 85 95)
78 -> (47 59 64 73 22 85 48 54 93 87 91 63 17 94 89 84 37 81 79 21 82 42 19 66)
74 -> (31 73 17 93 57 37 47 95 25 63 94 78 91 66 64 32 59 13 42 36 19 87 84 81)
63 -> (48 34 42 85 17 91 19 79 29 59 21 98 54 66 89 82 44 47 73 37 94 22 64 81)
93 -> (44 21 59 73 19 79 48 22 42 47 63 82 66 89 91 37 85 64 17 98 84 81 54 94)
81 -> (82 47 66 85 19 29 73 54 91 42 37 94 59 22 34 72 98 17 44 89 79 21 48 64)
17 -> (52 21 72 92 48 54 67 77 68 44 76 49 75 82 14 98 29 89 79 22 46 85 38 34)
38 -> (14 57 78 77 36 25 74 76 75 93 13 52 19 46 67 87 68 84 81 95 92 32 31 63)
29 -> (87 34 67 46 78 36 31 93 32 13 72 74 75 38 14 76 95 92 52 57 77 25 68 49)
49 -> (87 13 95 78 92 32 14 25 76 84 81 77 36 52 46 67 38 68 75 93 63 57 74 31)
44 -> (68 46 31 13 38 49 29 36 87 74 92 77 95 76 34 78 57 14 32 25 52 75 67 72)